world: e54d57bf-98df-4633-b736-4ae17a2713a8
world-name: spawn
x: 33.460901732532314
y: 1.0
z: -22.488061115940187
yaw: -1.7716331481933594
pitch: 43.99970245361328
name: spawn
lastowner: 5cd00433-4317-372f-ad43-d3d58ef7d2ce
