world: de9e47ef-12bc-4d22-95b9-46d014745871
world-name: world
x: -239.5093707762433
y: 65.0
z: 272.3895022385814
yaw: 2.2815945148468018
pitch: 56.23067092895508
name: survival
lastowner: 5cd00433-4317-372f-ad43-d3d58ef7d2ce
